1111111111111110
1111111111111110
1111111111111110
1110000000001110
1110000000001110
1110000000001110
1110000000001110
1110000000001110
1110000000001110
1110000000001110
1110000000001110
1111111111111110
1111111111111110
1111111111111110
0000000000000000
0000000000000000
0000000001111110
0000000001111110
0000000001111110
0000000000001110
0000000000001110
0000000000001110
0000000000001110
0000000000001110
0000000000001110
0000000000001110
0000000000001110
0000000000001110
0000000000001110
0000000000001110
0000000000000000
0000000000000000
1111111111111110
1111111111111110
1111111111111110
0000000000011110
0000000000011110
1111111111111110
1111111111111110
1111111111111110
1110000000000000
1110000000000000
1110000000000000
1111111111111110
1111111111111110
1111111111111110
0000000000000000
0000000000000000
1111111111111110
1111111111111110
1111111111111110
0000000000011110
0000000000011110
1111111111111110
1111111111111110
1111111111111110
0000000000011110
0000000000011110
0000000000011110
1111111111111110
1111111111111110
1111111111111110
0000000000000000
0000000000000000
1110000000001110
1110000000001110
1110000000001110
1110000000001110
1110000000001110
1111111111111110
1111111111111110
1111111111111110
0000000000001110
0000000000001110
0000000000001110
0000000000001110
0000000000001110
0000000000001110
0000000000000000
0000000000000000
1111111111111110
1111111111111110
1111111111111110
1110000000000000
1110000000000000
1111111111111110
1111111111111110
1111111111111110
0000000000011110
0000000000011110
0000000000011110
1111111111111110
1111111111111110
1111111111111110
0000000000000000
0000000000000000
1111111111111110
1111111111111110
1111111111111110
1110000000000000
1110000000000000
1111111111111110
1111111111111110
1111111111111110
1110000000001110
1110000000001110
1110000000001110
1111111111111110
1111111111111110
1111111111111110
0000000000000000
0000000000000000
1111111111111110
1111111111111110
1111111111111110
0000000000011110
0000000000011110
0000000000011110
0000000000011110
0000000000011110
0000000000011110
0000000000011110
0000000000011110
0000000000011110
0000000000011110
0000000000011110
0000000000000000
0000000000000000
1111111111111110
1111111111111110
1111111111111110
1110000000001110
1110000000001110
1111111111111110
1111111111111110
1111111111111110
1110000000001110
1110000000001110
1110000000001110
1111111111111110
1111111111111110
1111111111111110
0000000000000000
0000000000000000
1111111111111110
1111111111111110
1111111111111110
1110000000001110
1110000000001110
1111111111111110
1111111111111110
1111111111111110
0000000000001110
0000000000001110
0000000000001110
1111111111111110
1111111111111110
1111111111111110
0000000000000000
0000000000000000
1111111111111110
1111111111111110
1111111111111110
1110000000001110
1110000000001110
1111111111111110
1111111111111110
1111111111111110
1110000000001110
1110000000001110
1110000000001110
1110000000001110
1110000000001110
1110000000001110
0000000000000000
0000000000000000
1111111111110000
1111111111111000
1111111111111100
1110000000011110
1110000000011110
1111111111111100
1111111111111000
1111111111111100
1110000000011110
1110000000001110
1110000000001110
1110000000011110
1111111111111100
1111111111111000
0000000000000000
0000000000000000
1111111111111110
1111111111111110
1111111111111110
1110000000000000
1110000000000000
1110000000000000
1110000000000000
1110000000000000
1110000000000000
1110000000000000
1110000000000000
1111111111111110
1111111111111110
1111111111111110
0000000000000000
0000000000000000
1111111111100000
1111111111110000
1111111111111000
1110000000111100
1110000000011110
1110000000001110
1110000000001110
1110000000001110
1110000000001110
1110000000011110
1110000000111100
1111111111111000
1111111111110000
1111111111100000
0000000000000000
0000000000000000
1111111111111110
1111111111111110
1111111111111110
1110000000000000
1110000000000000
1111111111000000
1111111111000000
1111111111000000
1110000000000000
1110000000000000
1110000000000000
1111111111111110
1111111111111110
1111111111111110
0000000000000000
0000000000000000
1111111111111110
1111111111111110
1111111111111110
1110000000000000
1110000000000000
1111111111000000
1111111111000000
1111111111000000
1110000000000000
1110000000000000
1110000000000000
1110000000000000
1110000000000000
1110000000000000
0000000000000000
0000000000000000
