00000011111110000000
00001111111111100000
00011111000111110000
00111110000011111000
01111100000001111100
01111100000001111100
01111100000001111100
11111100000001111110
11111100000001111110
11111100000001111110
11111100000001111110
11111100000001111110
11111100000001111110
11111100000001111110
11111100000001111110
11111100000001111110
01111100000001111100
01111100000001111100
01111100000001111100
00111110000011111000
00011111000111110000
00001111111111100000
00000011111110000000
00000001111110000000
00000111111110000000
00001111111110000000
00111101111110000000
00110001111110000000
00000001111110000000
00000001111110000000
00000001111110000000
00000001111110000000
00000001111110000000
00000001111110000000
00000001111110000000
00000001111110000000
00000001111110000000
00000001111110000000
00000001111110000000
00000001111110000000
00000001111110000000
00000001111110000000
00000001111110000000
00000001111110000000
00011111111111111000
00011111111111111000
00011111111110000000
01111111111111100000
01111000001111110000
01110000000111111000
01100000000011111100
01100000000011111100
00000000000011111100
00000000000011111100
00000000000011111100
00000000000011111000
00000000000111111000
00000000000111110000
00000000001111100000
00000000011111000000
00000000111100000000
00000011110000000000
00000111100000001100
00011110000000001100
00111100000000001100
01111111111111111100
01111111111111111100
01111111111111111100
01111111111111111100
00001111111111000000
00111111111111110000
00111100001111111000
00111000000111111100
00110000000011111100
00110000000011111100
00000000000011111100
00000000000111111000
00000000001111111000
00000001111111100000
00000001111111100000
00000000001111111000
00000000000011111100
00000000000011111100
00000000000001111110
00000000000001111110
01100000000001111110
01100000000001111110
01110000000001111110
01110000000011111100
01111100001111111000
01111111111111110000
00011111111110000000
00000000001111110000
00000000011111110000
00000000111111110000
00000000111111110000
00000001101111110000
00000011101111110000
00000011001111110000
00000110001111110000
00001110001111110000
00001100001111110000
00011100001111110000
00111000001111110000
00110000001111110000
01110000001111110000
11100000001111110000
11111111111111111111
11111111111111111111
00000000001111110000
00000000001111110000
00000000001111110000
00000000001111110000
00000001111111111110
00000001111111111110
00111111111111110000
00111111111111110000
00111111111111110000
00111111111111110000
00110000000000000000
00110000000000000000
00110000000000000000
00110000000000000000
00110011111110000000
00111111111111100000
00111000001111110000
00100000000111111000
00000000000011111000
00000000000011111100
00000000000011111100
00000000000011111100
01100000000011111100
01100000000011111100
01100000000011111000
01110000000111111000
01111000001111110000
01111111111111100000
00011111111110000000
00000001111111110000
00000111111111111100
00001111100000111100
00011110000000011100
00111110000000001100
01111100000000000000
01111100000000000000
01111100111111000000
11111111111111110000
11111111000111111000
11111110000011111100
11111100000001111100
11111100000001111110
11111100000001111110
11111100000001111110
11111100000001111110
01111100000001111110
01111100000001111110
01111100000001111100
00111110000011111100
00011111000111111000
00001111111111110000
00000011111111000000
01111111111111111100
01111111111111111100
01111111111111111100
01111111111111111100
01100000000000011100
01100000000000111000
01100000000001111000
00000000000001110000
00000000000011110000
00000000000011100000
00000000000111100000
00000000000111000000
00000000001111000000
00000000001110000000
00000000011110000000
00000000011100000000
00000000111100000000
00000000111000000000
00000001111000000000
00000001110000000000
00000011110000000000
00000011100000000000
00000111100000000000
00000111111111000000
00011111111111110000
00111111000111111000
01111110000011111100
01111110000011111100
01111110000011111100
01111110000011111100
00111110000011111000
00111111000111111000
00001111111111100000
00001111111111100000
00111110000011111000
01111110000011111100
01111100000001111100
11111100000001111110
11111100000001111110
11111100000001111110
11111100000001111110
11111100000001111110
01111110000011111100
00111110000011111000
00011111111111110000
00000111111111000000
00000111111110000000
00011111111111100000
00111111000111110000
01111110000011111000
01111100000001111100
11111100000001111100
11111100000001111100
11111100000001111110
11111100000001111110
11111100000001111110
11111100000001111110
01111100000001111110
01111110000011111110
00111111000111111110
00011111111111111110
00000111111001111100
00000000000001111100
00000000000001111100
01100000000011111000
01110000000011110000
01111000001111100000
01111111111111000000
00011111111100000000
